BetaP_SE_0, BetaP_SE_1, rho_0,gamma_ei,gamma_ir,Iteration,Time
2.87058,0,0.218235,0.381155,0.141433,0,0
-1.12127,-0.110513,0.596867,0.343673,0.219428,1000,0
-1.60638,-0.0922262,0.647375,0.436103,0.19213,2000,1
-1.97647,-0.0983171,0.95868,0.414191,0.239159,3000,1
-2.1436,-0.10552,0.575947,0.349248,0.195008,4000,1
-1.97337,-0.141246,0.661858,0.345837,0.191353,5000,2
-2.10036,-0.0409903,0.949987,0.477675,0.157563,6000,2
-2.17403,-0.141731,0.871679,0.389945,0.142258,7000,3
-2.01903,-0.191793,0.709927,0.325145,0.150656,8000,3
-1.78906,-0.151763,0.418524,0.300986,0.140231,9000,3
-2.30771,-0.0674597,0.836271,0.374003,0.167754,10000,4
-2.03422,-0.231474,0.733884,0.352141,0.188947,11000,4
-1.53419,-0.120613,0.321042,0.330838,0.105868,12000,4
-2.10555,-0.0897513,0.810805,0.304343,0.12777,13000,5
-2.09276,-0.119969,0.539176,0.256177,0.125748,14000,5
-2.31778,-0.188352,0.515139,0.359862,0.16587,15000,5
-1.86697,-0.114908,0.520245,0.352784,0.129447,16000,6
-1.96235,-0.159557,0.338863,0.329154,0.164279,17000,6
-2.15858,-0.142073,0.461013,0.46594,0.135615,18000,6
-2.45034,-0.0616183,0.402624,0.421099,0.102884,19000,7
-2.18378,-0.114971,0.692828,0.290979,0.132294,20000,7
-1.97027,-0.121882,0.40037,0.285456,0.140529,21000,7
-2.17472,-0.160984,0.713375,0.242716,0.127419,22000,8
-1.70316,-0.132548,0.381674,0.370755,0.0952431,23000,8
-2.35857,-0.185921,0.547998,0.315135,0.11611,24000,9
-2.1698,-0.108742,0.232938,0.278119,0.0785888,25000,9
-2.12734,-0.0933643,0.89155,0.241997,0.135423,26000,9
-1.99792,-0.173667,0.602885,0.34027,0.132124,27000,9
-2.14059,-0.115528,0.321356,0.382221,0.135966,28000,10
-1.99884,-0.100394,0.432102,0.307686,0.106055,29000,10
-2.5347,-0.118426,0.570418,0.327224,0.127736,30000,10
-2.39095,-0.117524,0.87676,0.319572,0.115912,31000,11
-2.21909,-0.158234,0.574978,0.275474,0.135595,32000,11
-2.58102,-0.106901,0.821488,0.269837,0.103944,33000,11
-2.23984,-0.240659,0.668133,0.26777,0.101343,34000,12
-1.94421,-0.257637,0.282904,0.244583,0.117591,35000,12
-2.75245,-0.0524676,0.773624,0.281459,0.106088,36000,12
-1.90224,-0.1737,0.423945,0.253769,0.121344,37000,13
-2.2493,-0.205651,0.867529,0.260426,0.115006,38000,13
-2.27526,-0.129553,0.687529,0.364998,0.0948964,39000,13
-2.29851,-0.0900599,0.65872,0.299697,0.1069,40000,13
-2.73014,-0.208709,0.412621,0.302742,0.0902021,41000,14
-2.58703,-0.126181,0.93421,0.318027,0.1152,42000,14
-2.15379,-0.189531,0.336911,0.316774,0.106344,43000,14
-2.62307,-0.123858,0.378955,0.318897,0.0868118,44000,15
-2.45943,-0.242927,0.440814,0.320109,0.0936612,45000,15
-2.19695,-0.116188,0.450457,0.39816,0.113287,46000,15
-2.26455,-0.0655962,0.213939,0.289931,0.108681,47000,16
-2.12067,-0.153091,0.352053,0.250405,0.0831209,48000,16
-2.39854,-0.22089,0.599139,0.277492,0.127742,49000,16
-2.61711,-0.164616,0.620733,0.28678,0.123007,50000,16
-1.79462,-0.196983,0.50748,0.276111,0.117051,51000,17
-2.43584,-0.319548,0.709909,0.224962,0.0999717,52000,17
-2.08509,-0.175685,0.417457,0.301432,0.113139,53000,17
-2.3231,-0.209297,0.296553,0.29211,0.091172,54000,18
-1.97462,-0.152239,0.311153,0.271127,0.097401,55000,18
-1.95212,-0.225397,0.361192,0.251235,0.0865495,56000,18
-2.63685,-0.221196,0.63167,0.290174,0.1161,57000,19
-2.26215,-0.180081,0.257848,0.280973,0.100361,58000,19
-2.17328,-0.139922,0.530311,0.217999,0.113746,59000,19
-2.2874,-0.15279,0.529436,0.229565,0.0953064,60000,20
-2.54746,-0.136766,0.379627,0.257261,0.0939614,61000,20
-2.09269,-0.0764769,0.420639,0.275989,0.0931464,62000,20
-2.2287,-0.108351,0.555251,0.247336,0.132331,63000,21
-2.24494,-0.239142,0.470293,0.278994,0.136398,64000,21
-1.96675,-0.288397,0.45906,0.248367,0.0684259,65000,21
-2.13389,-0.0774787,0.331983,0.278972,0.122135,66000,22
-2.1808,-0.119115,0.391037,0.202914,0.114097,67000,22
-1.84201,-0.171389,0.417854,0.276107,0.0968491,68000,22
-2.42246,-0.189523,0.516467,0.237843,0.100703,69000,23
-2.14788,-0.172079,0.524015,0.322481,0.121196,70000,23
-2.23895,-0.166541,0.692112,0.193572,0.104141,71000,23
-2.13657,-0.186594,0.222489,0.297684,0.105424,72000,24
-1.97708,-0.233556,0.422758,0.207574,0.0950317,73000,24
-2.50216,-0.115141,0.641663,0.217234,0.0881284,74000,24
-1.84157,-0.393644,0.361667,0.23579,0.117024,75000,25
-2.02558,-0.260966,0.463236,0.304967,0.0992463,76000,25
-1.6298,-0.361609,0.392455,0.280717,0.0999579,77000,25
-2.63483,-0.165685,0.500604,0.258603,0.0918138,78000,26
-2.25755,-0.183704,0.718802,0.288,0.0960261,79000,26
-2.2922,-0.178939,0.533337,0.211916,0.0818561,80000,26
-2.05015,-0.13118,0.732089,0.234517,0.133641,81000,27
-2.1124,-0.20123,0.910596,0.177228,0.146996,82000,27
-2.11245,-0.22676,0.607983,0.208675,0.148181,83000,27
-1.96374,-0.182792,0.582535,0.231319,0.110589,84000,28
-2.03956,-0.162366,0.451898,0.259967,0.124034,85000,28
-2.04233,-0.194476,0.320085,0.217763,0.123126,86000,29
-1.79828,-0.162359,0.516202,0.247246,0.157145,87000,29
-2.31325,-0.134549,0.358085,0.253132,0.104642,88000,29
-2.16103,-0.120964,0.665418,0.281096,0.11859,89000,30
-1.71451,-0.278202,0.427949,0.203305,0.124575,90000,30
-2.26821,-0.0942551,0.483731,0.246642,0.152813,91000,31
-2.35271,-0.221489,0.751722,0.221329,0.125433,92000,31
-1.60346,-0.238928,0.218954,0.224132,0.108928,93000,31
-2.4966,-0.145949,0.867292,0.155998,0.09293,94000,32
-1.86447,-0.0790791,0.261723,0.219924,0.125654,95000,32
-2.09648,-0.0940107,0.30521,0.247506,0.109788,96000,32
-2.1987,-0.119793,0.412716,0.248994,0.093767,97000,33
-2.23173,-0.381868,0.655756,0.248914,0.104261,98000,33
-2.30157,-0.137642,0.511795,0.197636,0.139462,99000,33
-1.92406,-0.0770286,0.551533,0.203345,0.126104,100000,34
-2.01617,-0.128348,0.519969,0.208736,0.128894,101000,34
-1.85044,-0.191101,0.59478,0.247144,0.0928421,102000,34
-2.39149,-0.146105,0.874256,0.20885,0.136407,103000,35
-2.04548,-0.106304,0.603145,0.169919,0.101297,104000,35
-2.09286,-0.168513,0.417814,0.196323,0.104302,105000,35
-1.94989,-0.283455,0.360116,0.299206,0.115974,106000,36
-2.08772,-0.166758,0.295874,0.246724,0.0970195,107000,36
-2.18414,-0.26765,0.392045,0.188832,0.105794,108000,37
-1.87876,-0.252742,0.294833,0.17558,0.13267,109000,37
-2.01128,-0.187069,0.893461,0.218619,0.122309,110000,37
-1.87358,-0.13483,0.36275,0.233508,0.130057,111000,38
-1.67247,-0.184452,0.38622,0.192678,0.0992096,112000,38
-1.67693,-0.194643,0.288887,0.262094,0.158477,113000,38
-2.54128,-0.192461,0.926531,0.184343,0.114261,114000,39
-2.10536,-0.125256,0.498273,0.239853,0.0956089,115000,39
-1.64971,-0.207323,0.259834,0.236705,0.100295,116000,39
-2.13087,-0.215924,0.430216,0.234063,0.114323,117000,40
-2.14115,-0.17305,0.628774,0.227773,0.12509,118000,40
-2.02445,-0.313237,0.714837,0.194674,0.124301,119000,40
-2.06465,-0.100821,0.575733,0.234515,0.133831,120000,55
-1.92521,-0.179993,0.290118,0.236912,0.114495,121000,56
-2.03423,-0.186905,0.296603,0.225413,0.0792235,122000,58
-2.20007,-0.08584,0.616283,0.250071,0.170024,123000,60
-1.8222,-0.188373,0.186606,0.259651,0.209944,124000,61
-2.09922,-0.214514,0.286627,0.292383,0.141113,125000,63
-2.15483,-0.0579836,0.476397,0.256685,0.123219,126000,65
-1.66224,-0.176295,0.318589,0.215428,0.113763,127000,66
-2.30586,-0.0921135,0.277366,0.262353,0.0835469,128000,68
-2.28783,-0.309742,0.636426,0.200633,0.103953,129000,70
-1.97932,-0.125977,0.851303,0.260268,0.109838,130000,71
-2.16046,-0.151917,0.443398,0.214417,0.127378,131000,73
-1.90872,-0.201062,0.200933,0.237267,0.096673,132000,75
-1.74151,-0.285528,0.39423,0.261879,0.128863,133000,76
-1.90505,-0.491819,0.516828,0.252579,0.0925678,134000,78
-2.16389,-0.319158,0.660269,0.177531,0.122396,135000,79
-1.98082,-0.441411,0.568461,0.164439,0.124452,136000,81
-2.45611,-0.150556,0.626997,0.267471,0.0847964,137000,82
-1.85385,-0.449638,0.504497,0.284341,0.17307,138000,84
-1.94142,-0.206624,0.228754,0.303655,0.104651,139000,85
-2.03825,-0.38208,0.977187,0.243239,0.0880188,140000,87
-1.99947,-0.377,0.582523,0.304772,0.0884816,141000,88
-2.38358,-0.152593,0.325226,0.209024,0.0965373,142000,89
-1.80933,-0.345278,0.562799,0.202446,0.138252,143000,91
-2.34205,-0.160734,0.699984,0.209915,0.149414,144000,93
-1.90402,-0.195891,0.648163,0.265928,0.132969,145000,94
-1.92799,-0.288792,0.345357,0.250702,0.145594,146000,96
-1.9302,-0.220564,0.251568,0.238615,0.102179,147000,98
-2.18412,-0.307628,0.38076,0.249763,0.131095,148000,99
-1.74687,-0.242577,0.401027,0.228631,0.135035,149000,101
-1.63726,-0.141925,0.428535,0.226351,0.198439,150000,103
-2.10871,-0.225141,0.358334,0.224386,0.0951994,151000,104
-2.00297,-0.453736,0.608744,0.189926,0.181223,152000,106
-2.01065,-0.223781,0.780065,0.254689,0.175108,153000,108
-2.08103,-0.330511,0.486748,0.287742,0.093015,154000,109
-2.00451,-0.315213,0.67468,0.206472,0.160938,155000,111
-2.03854,-0.0986044,0.727375,0.240615,0.155122,156000,112
-2.06158,-0.268602,0.88002,0.195258,0.139573,157000,114
-2.56675,-0.558948,0.949746,0.201308,0.112634,158000,115
-1.92448,-0.112657,0.493697,0.216068,0.109933,159000,117
-2.19733,-0.170064,0.492354,0.236163,0.15888,160000,119
-2.12379,-0.198306,0.273815,0.203318,0.0807937,161000,120
-1.93122,-0.244421,0.34914,0.249504,0.131786,162000,122
-2.5324,-0.228908,0.659186,0.165371,0.104813,163000,123
-2.28278,-0.504985,0.765252,0.212878,0.107494,164000,125
-1.84986,-0.328252,0.226996,0.230287,0.0924328,165000,127
-1.90183,-0.249271,0.253474,0.167144,0.0729133,166000,129
-2.16799,-0.387915,0.260864,0.202457,0.0720612,167000,130
-1.85872,-0.618285,0.512819,0.215764,0.128336,168000,132
-2.25936,-0.245464,0.322787,0.311323,0.0987064,169000,134
-2.17957,-0.19619,0.804831,0.30751,0.105998,170000,136
-2.28955,-0.203145,0.526916,0.248382,0.100995,171000,137
-2.09321,-0.205307,0.690678,0.254016,0.106866,172000,139
-2.40301,-0.208431,0.341969,0.255652,0.107593,173000,141
-1.79822,-0.417983,0.1627,0.273427,0.108293,174000,142
-2.51702,-0.323213,0.941255,0.228953,0.104549,175000,144
-2.20948,-0.260533,0.711031,0.252789,0.138755,176000,146
-2.25322,-0.081648,0.482257,0.226975,0.137658,177000,147
-2.07322,-0.402802,0.640711,0.198041,0.116796,178000,149
-1.96358,-0.348029,0.526687,0.264717,0.093835,179000,150
-2.20024,-0.354426,0.578457,0.197814,0.150618,180000,151
-2.64023,-0.156169,0.547723,0.234409,0.0994737,181000,153
-2.65323,-0.350478,0.886021,0.32965,0.0846383,182000,155
-2.52046,-0.371686,0.758234,0.26924,0.10192,183000,156
-1.75314,-0.530082,0.178714,0.268822,0.12366,184000,158
-2.07253,-0.406216,0.537286,0.271384,0.105221,185000,160
-1.85296,-0.185249,0.458956,0.278714,0.124361,186000,162
-1.92617,-0.202615,0.389145,0.257176,0.0970864,187000,163
-2.3613,-0.334598,0.627391,0.18313,0.0731867,188000,164
-2.00021,-0.284855,0.530316,0.310283,0.134414,189000,166
-2.39589,-0.325018,0.742345,0.24805,0.0902678,190000,168
-2.2708,-0.358672,0.752099,0.234241,0.117564,191000,170
-2.28454,-0.13542,0.67136,0.261546,0.127242,192000,171
-2.2232,-0.172798,0.790964,0.276396,0.103528,193000,173
-2.38961,-0.223439,0.84265,0.281411,0.116967,194000,175
-2.19202,-0.174965,0.227235,0.299919,0.086474,195000,177
-2.28966,-0.253287,0.192262,0.182214,0.107113,196000,178
-2.10174,-0.173999,0.362669,0.238743,0.0868669,197000,180
-2.33201,-0.16786,0.280463,0.296712,0.124578,198000,180
-2.23692,-0.359253,0.330795,0.21339,0.0950113,199000,181
-2.60458,-0.243508,0.693779,0.193296,0.099864,200000,182
-2.3321,-0.19574,0.482061,0.215412,0.0878416,201000,184
-2.22665,-0.320595,0.547523,0.225168,0.100694,202000,186
-2.24921,-0.344924,0.570837,0.240049,0.124304,203000,188
-2.47974,-0.065487,0.459708,0.298281,0.117493,204000,189
-2.07079,-0.290647,0.307708,0.265249,0.077998,205000,191
-2.89874,-0.108709,0.517914,0.212454,0.107163,206000,193
-2.0262,-0.22794,0.609414,0.311716,0.121411,207000,195
-2.49486,-0.0641614,0.540444,0.232693,0.103195,208000,197
-1.72288,-0.276275,0.4024,0.316221,0.163072,209000,198
-2.1198,-0.09454,0.251558,0.286177,0.123828,210000,200
-2.10254,-0.202733,0.742036,0.263791,0.113252,211000,202
-2.34574,-0.297786,0.49764,0.23611,0.0983831,212000,204
-2.42504,-0.277017,0.6177,0.209406,0.154246,213000,206
-2.25214,-0.194235,0.417645,0.273593,0.0886115,214000,207
-2.36959,-0.210056,0.587119,0.235548,0.126468,215000,209
-2.43494,-0.34934,0.40371,0.212231,0.106283,216000,210
-2.20548,-0.115648,0.810876,0.32854,0.164929,217000,212
-1.97784,-0.216161,0.263103,0.327176,0.104591,218000,213
-2.10775,-0.248524,0.308465,0.24158,0.0871987,219000,215
-2.10055,-0.227354,0.375902,0.289198,0.0980824,220000,216
-2.39081,-0.16078,0.385913,0.262395,0.122147,221000,218
-2.25002,-0.0788779,0.493759,0.280978,0.102481,222000,220
-2.55425,-0.132779,0.614276,0.270331,0.108384,223000,221
-1.88537,-0.129999,0.586869,0.216959,0.134837,224000,223
-1.85929,-0.357885,0.375722,0.220049,0.0971309,225000,224
-1.48146,-0.431868,0.292347,0.230106,0.0975274,226000,226
-1.84906,-0.22952,0.5599,0.25654,0.166556,227000,228
-1.48175,-0.356479,0.452163,0.289142,0.157022,228000,230
-2.07275,-0.219036,0.524005,0.326488,0.170211,229000,232
-1.66124,-0.610269,0.569414,0.265014,0.0988776,230000,234
-1.89779,-0.314721,0.197875,0.290438,0.0935311,231000,236
-1.98702,-0.224216,0.523606,0.261805,0.142021,232000,237
-2.27867,-0.40796,0.940021,0.272085,0.116166,233000,239
-1.76579,-0.477441,0.6368,0.255071,0.127596,234000,241
-2.00003,-0.413682,0.947438,0.253592,0.111486,235000,243
-1.86536,-0.391022,0.319357,0.263439,0.116887,236000,244
-2.30272,-0.39074,0.764056,0.242561,0.117543,237000,246
-2.0905,-0.269131,0.84287,0.182972,0.152974,238000,247
-1.82955,-0.236829,0.304778,0.213808,0.115875,239000,248
-2.57306,-0.362431,0.994987,0.206529,0.0966752,240000,250
-2.18909,-0.438156,0.886475,0.205903,0.121933,241000,251
-2.13042,-0.42233,0.769325,0.282772,0.132526,242000,253
-2.13553,-0.578746,0.478629,0.284457,0.0862198,243000,254
-2.15975,-0.270676,0.823733,0.357419,0.0553386,244000,256
-2.65531,-0.110583,0.895647,0.292995,0.130601,245000,258
-2.54861,-0.410208,0.933969,0.189864,0.0911872,246000,260
-2.00129,-0.115002,0.247081,0.25575,0.109167,247000,262
-2.40849,-0.203141,0.936985,0.187435,0.156997,248000,264
-2.17636,-0.118007,0.808908,0.217563,0.16544,249000,266
-1.77373,-0.175626,0.378111,0.204748,0.129965,250000,268
-1.90042,-0.118011,0.655128,0.267484,0.151796,251000,269
-1.69706,-0.0854492,0.5058,0.193092,0.135485,252000,271
-2.21226,-0.278112,0.905819,0.219701,0.142959,253000,272
-1.76356,-0.212614,0.366906,0.219059,0.15005,254000,273
-2.01141,-0.118809,0.608201,0.236264,0.106315,255000,275
-2.19727,-0.197475,0.328801,0.266792,0.0579687,256000,276
-2.52213,-0.0711195,0.568024,0.263895,0.147757,257000,277
-2.48326,-0.294656,0.834827,0.210199,0.0866403,258000,279
-2.1656,-0.302263,0.848214,0.277683,0.073721,259000,280
-2.31855,-0.101521,0.520565,0.193155,0.102425,260000,283
-2.14733,-0.201141,0.380351,0.234694,0.101447,261000,285
-2.18442,-0.306489,0.99123,0.213979,0.170079,262000,286
-2.13994,-0.197423,0.805628,0.2156,0.163007,263000,288
-2.22581,-0.168059,0.62557,0.232424,0.162041,264000,289
-1.98098,-0.265155,0.450794,0.250697,0.13852,265000,291
-2.10388,-0.308999,0.828041,0.246458,0.120224,266000,292
-1.87807,-0.29828,0.71217,0.255944,0.112113,267000,294
-2.59966,-0.0351223,0.844068,0.25461,0.134827,268000,296
-2.312,-0.126064,0.394808,0.298914,0.124596,269000,298
-2.26475,-0.148248,0.394431,0.26219,0.112499,270000,300
-2.4367,-0.184861,0.916433,0.238269,0.124147,271000,301
-2.55198,-0.146008,0.861204,0.225534,0.0855048,272000,303
-2.32373,-0.132862,0.95286,0.216036,0.111095,273000,305
-2.41351,-0.153937,0.505957,0.231996,0.0932839,274000,307
-1.97588,-0.167664,0.528227,0.252743,0.136298,275000,309
-2.09823,-0.248029,0.666329,0.270371,0.175154,276000,311
-2.33742,-0.119434,0.413292,0.215049,0.109565,277000,312
-1.9652,-0.113613,0.275125,0.299667,0.191701,278000,314
-2.61932,-0.212264,0.812803,0.238294,0.131842,279000,315
-2.17479,-0.369124,0.816886,0.190796,0.141551,280000,317
-2.22434,-0.0419301,0.511317,0.33033,0.156587,281000,319
-1.89852,-0.359289,0.658754,0.25832,0.11834,282000,320
-2.18676,-0.0816602,0.849683,0.272119,0.184895,283000,322
-2.14428,-0.050538,0.871674,0.223597,0.149556,284000,323
-2.20275,-0.131017,0.471949,0.240911,0.14914,285000,325
-1.62431,-0.20587,0.525133,0.321859,0.114129,286000,327
-1.94878,-0.127173,0.425985,0.294743,0.161725,287000,329
-1.53583,-0.187325,0.637298,0.239743,0.181775,288000,330
-2.22777,-0.184684,0.777507,0.320066,0.176365,289000,332
-1.87246,-0.0947798,0.544509,0.25104,0.165508,290000,334
-2.12181,-0.210756,0.679861,0.246878,0.12611,291000,336
-1.90752,-0.103071,0.382333,0.263935,0.144227,292000,337
-1.69134,-0.154798,0.602389,0.22023,0.142238,293000,338
-2.7023,-0.0650777,0.554738,0.214962,0.124223,294000,339
-1.79242,-0.271089,0.458983,0.339902,0.153509,295000,340
-2.37675,-0.116462,0.729815,0.208519,0.156549,296000,342
-1.8409,-0.196029,0.521161,0.228377,0.185824,297000,343
-2.28358,-0.152416,0.925521,0.253792,0.0926581,298000,344
-1.5983,-0.374847,0.141006,0.260995,0.138481,299000,345
-2.26625,-0.261672,0.751361,0.277321,0.136378,300000,350
-2.49573,-0.484089,0.942692,0.193589,0.139433,301000,351
-2.30285,-0.331702,0.882343,0.144891,0.153849,302000,353
-2.23205,-0.296423,0.414095,0.257666,0.101404,303000,355
-2.28484,-0.165888,0.930656,0.24648,0.161978,304000,357
-1.83946,-0.548817,0.406714,0.194995,0.12921,305000,359
-2.02148,-0.338393,0.295654,0.267828,0.124686,306000,361
-2.31107,-0.0389427,0.433573,0.26681,0.171138,307000,362
-2.05625,-0.0986675,0.940852,0.162352,0.167971,308000,364
-1.84521,-0.123978,0.245204,0.23892,0.0995131,309000,366
-2.00952,-0.229122,0.240326,0.20605,0.135808,310000,368
-2.06042,-0.15829,0.787177,0.220298,0.129362,311000,370
-2.07738,-0.283017,0.769918,0.250497,0.126628,312000,372
-2.4704,-0.227189,0.474067,0.212679,0.0878143,313000,374
-2.49595,-0.146849,0.614432,0.24281,0.104202,314000,376
-2.10567,-0.169752,0.538089,0.187667,0.113025,315000,377
-1.94877,-0.20613,0.556901,0.217702,0.131348,316000,379
-2.08422,-0.152653,0.43914,0.272152,0.120475,317000,380
-2.36704,-0.226744,0.690376,0.235532,0.112122,318000,382
-2.26285,-0.114016,0.743928,0.233002,0.10933,319000,383
-1.94896,-0.111547,0.364266,0.245226,0.139393,320000,385
-2.14955,-0.221417,0.556968,0.225297,0.128469,321000,387
-1.72488,-0.159939,0.636417,0.235734,0.132205,322000,388
-2.01646,-0.3567,0.555374,0.221433,0.140759,323000,390
-1.94686,-0.239535,0.659851,0.249434,0.124968,324000,392
-2.54042,-0.262343,0.565318,0.177593,0.111627,325000,394
-2.35558,-0.102267,0.626467,0.275582,0.095572,326000,396
-1.69204,-0.244799,0.360998,0.285519,0.0907837,327000,398
-2.19692,-0.221439,0.342211,0.248974,0.0946768,328000,400
-2.36238,-0.246485,0.931445,0.275088,0.121055,329000,402
-1.94424,-0.243492,0.469717,0.260219,0.129121,330000,403
-1.93089,-0.219634,0.459655,0.178442,0.120704,331000,405
-1.65546,-0.134038,0.393063,0.282003,0.137127,332000,407
-2.10318,-0.0555906,0.265514,0.197401,0.113902,333000,409
-1.99284,-0.247112,0.426058,0.234863,0.0809456,334000,410
-2.06909,-0.215341,0.403463,0.202473,0.0881704,335000,412
-1.57392,-0.201027,0.274892,0.210964,0.111126,336000,413
-2.09415,-0.173379,0.341559,0.208153,0.137899,337000,415
-2.27448,-0.150556,0.774709,0.211116,0.142196,338000,416
-1.94506,-0.369717,0.468969,0.229891,0.133073,339000,418
-2.26829,-0.194357,0.515704,0.194951,0.115973,340000,419
-2.13858,-0.189355,0.536626,0.236022,0.120497,341000,420
-1.81091,-0.0770535,0.278861,0.222332,0.129323,342000,422
-1.80168,-0.235492,0.498969,0.201274,0.12139,343000,424
-2.03787,-0.275208,0.396049,0.259506,0.079289,344000,426
-2.34039,-0.279468,0.381436,0.308735,0.12968,345000,428
-1.96436,-0.291345,0.493075,0.242747,0.136522,346000,430
-2.23482,-0.422122,0.851825,0.236299,0.144474,347000,431
-2.15781,-0.146113,0.645858,0.27171,0.110886,348000,433
-2.48438,-0.207612,0.769161,0.168191,0.0831061,349000,435
-1.57864,-0.162495,0.380344,0.254792,0.179329,350000,437
-2.38296,-0.112209,0.44439,0.256871,0.123158,351000,439
-1.6185,-0.133518,0.376287,0.233614,0.165473,352000,441
-2.13386,-0.276768,0.223082,0.185304,0.178094,353000,443
-1.8448,-0.314623,0.980997,0.276249,0.1661,354000,444
-2.1533,-0.109037,0.83788,0.195705,0.170061,355000,446
-1.66028,-0.179937,0.378552,0.227225,0.133986,356000,447
-1.6064,-0.158932,0.628099,0.298569,0.148202,357000,448
-1.62486,-0.211707,0.752895,0.243971,0.167826,358000,450
-2.00381,-0.280952,0.42223,0.197786,0.147392,359000,451
-1.92358,-0.222009,0.832741,0.213233,0.112339,360000,454
-2.02741,-0.362474,0.729585,0.218123,0.121474,361000,456
-2.04857,-0.203129,0.756812,0.276817,0.106815,362000,458
-2.05273,-0.0648453,0.344696,0.271805,0.142044,363000,460
-1.8323,-0.350733,0.450227,0.317198,0.120232,364000,461
-2.05715,-0.244088,0.636016,0.275518,0.138223,365000,463
-2.03646,-0.243672,0.49063,0.229427,0.112297,366000,465
-1.98446,-0.233354,0.580126,0.28718,0.147386,367000,467
-1.91548,-0.150896,0.809812,0.256876,0.117773,368000,469
-1.78072,-0.267057,0.650857,0.305615,0.12592,369000,471
-1.93547,-0.261031,0.610031,0.289685,0.122876,370000,473
-1.79779,-0.249843,0.431787,0.270525,0.137696,371000,474
-1.46762,-0.25138,0.410088,0.293159,0.135549,372000,476
-2.40065,-0.142119,0.57481,0.303641,0.158341,373000,478
-2.05644,-0.215658,0.863694,0.253727,0.176307,374000,480
-1.87456,-0.164798,0.443608,0.264084,0.131929,375000,481
-2.02567,-0.163025,0.85248,0.230476,0.132079,376000,482
-2.40878,-0.158632,0.542305,0.271577,0.0915421,377000,484
-2.25273,-0.174363,0.706929,0.2581,0.146142,378000,485
-1.65118,-0.222723,0.369536,0.298542,0.140825,379000,487
-2.09965,-0.581328,0.792617,0.202452,0.0828444,380000,488
-1.58354,-0.230061,0.287132,0.271966,0.193646,381000,490
-1.93304,-0.212799,0.670008,0.206945,0.188615,382000,492
-1.96092,-0.181984,0.654506,0.305557,0.20142,383000,494
-1.62328,-0.227995,0.634537,0.242449,0.173489,384000,495
-1.77754,-0.228363,0.590312,0.223926,0.212081,385000,497
-1.9773,-0.304192,0.658849,0.323556,0.124396,386000,499
-1.95868,-0.237672,0.66595,0.248589,0.122422,387000,501
-1.69781,-0.777245,0.508589,0.308617,0.106621,388000,503
-1.81415,-0.315693,0.894252,0.265251,0.16904,389000,504
-2.01464,-0.206459,0.719078,0.174536,0.174498,390000,506
-2.05212,-0.403887,0.91332,0.253743,0.141031,391000,508
-1.54608,-0.422636,0.853349,0.223571,0.155102,392000,510
-1.38654,-0.12929,0.628227,0.271431,0.143716,393000,512
-1.44713,-0.193806,0.66094,0.247235,0.11331,394000,513
-1.89494,-0.152393,0.534544,0.222286,0.187229,395000,515
-1.94498,-0.274063,0.372503,0.256368,0.11775,396000,516
-1.49292,-0.392132,0.850605,0.2213,0.192701,397000,518
-1.85577,-0.159438,0.901101,0.317122,0.205352,398000,519
-1.51885,-0.159474,0.347483,0.328715,0.148274,399000,520
-1.52726,-0.213049,0.463542,0.257579,0.179714,400000,523
-1.86949,-0.299413,0.708068,0.267714,0.125439,401000,525
-1.78684,-0.447914,0.943756,0.264323,0.114272,402000,526
-1.41139,-0.504513,0.244489,0.238338,0.115826,403000,528
-1.64985,-0.208517,0.386811,0.306124,0.145996,404000,530
-2.23582,-0.205161,0.907364,0.277144,0.106185,405000,532
-1.67042,-0.406717,0.361423,0.268007,0.116005,406000,534
-2.29611,-0.11425,0.472928,0.216584,0.178194,407000,536
-2.11849,-0.216896,0.418759,0.200176,0.10358,408000,538
-2.20308,-0.369547,0.502735,0.234566,0.0885137,409000,539
-1.96054,-0.2935,0.60005,0.186535,0.0951239,410000,541
-2.05794,-0.602261,0.617431,0.242679,0.118486,411000,543
-1.62363,-0.327493,0.519122,0.274551,0.190202,412000,545
-1.73333,-0.221685,0.47585,0.232981,0.138736,413000,547
-1.97092,-0.463614,0.856487,0.300229,0.134012,414000,549
-2.25077,-0.212039,0.677062,0.237583,0.100551,415000,550
-2.12775,-0.249678,0.656244,0.178158,0.117343,416000,552
-1.77082,-0.235458,0.766625,0.197936,0.156166,417000,553
-1.68507,-0.338283,0.678333,0.225404,0.181179,418000,554
-2.01582,-0.397942,0.957699,0.235594,0.11942,419000,556
-1.72268,-0.325542,0.620224,0.244187,0.14132,420000,557
-1.45241,-0.343632,0.714889,0.239601,0.127019,421000,559
-1.41355,-0.247621,0.314161,0.190781,0.145742,422000,561
-1.98965,-0.338699,0.480982,0.208368,0.152893,423000,563
-2.04093,-0.0725754,0.58561,0.244738,0.140343,424000,565
-1.72142,-0.243822,0.423695,0.294362,0.109473,425000,567
-2.39278,-0.230982,0.932679,0.242892,0.151557,426000,569
-1.43479,-0.474994,0.361647,0.223976,0.145682,427000,570
-2.15673,-0.140971,0.964446,0.173143,0.114935,428000,571
-1.78702,-0.363003,0.577881,0.234356,0.156914,429000,572
-1.77763,-0.176284,0.622387,0.275493,0.148426,430000,573
-2.17741,-0.166707,0.820935,0.330227,0.083377,431000,575
-1.84982,-0.273855,0.505951,0.274209,0.134508,432000,576
-1.60894,-0.187843,0.577396,0.336424,0.128483,433000,578
-1.57782,-0.57864,0.495579,0.246836,0.131293,434000,580
-1.57839,-0.281472,0.578237,0.201133,0.134767,435000,582
-2.08216,-0.266792,0.561076,0.25945,0.136503,436000,584
-1.57,-0.140083,0.342948,0.287938,0.189983,437000,585
-2.15427,-0.251032,0.427183,0.30305,0.133687,438000,587
-1.71647,-0.500141,0.479272,0.263804,0.144073,439000,589
-1.62989,-0.325864,0.34851,0.311293,0.143643,440000,592
-1.99531,-0.13049,0.438333,0.341353,0.140842,441000,594
-1.37331,-0.259159,0.254985,0.216995,0.135417,442000,595
-2.15563,-0.146969,0.684241,0.241736,0.143485,443000,596
-2.2259,-0.431843,0.973996,0.287649,0.159634,444000,598
-1.95694,-0.309667,0.959662,0.238126,0.0909351,445000,599
-2.07221,-0.349264,0.505092,0.251067,0.141893,446000,600
-1.68747,-0.449489,0.486108,0.237182,0.126431,447000,601
-1.90808,-0.172325,0.562628,0.253909,0.125415,448000,603
-2.09536,-0.199732,0.796505,0.233128,0.137806,449000,604
-2.28881,-0.466264,0.682293,0.210986,0.106281,450000,605
-2.65309,-0.223041,0.896233,0.252455,0.102752,451000,607
-2.32888,-0.2149,0.647133,0.21873,0.0741405,452000,609
-2.08973,-0.35115,0.364716,0.254651,0.0769196,453000,611
-2.23209,-0.307028,0.874942,0.207514,0.0943258,454000,612
-2.20125,-0.236513,0.825877,0.246963,0.11033,455000,614
-2.27727,-0.420847,0.598624,0.247147,0.0943472,456000,615
-1.88401,-0.213596,0.221864,0.199239,0.129656,457000,617
-1.56537,-0.322409,0.382231,0.230752,0.140793,458000,619
-1.69446,-0.266671,0.635288,0.274271,0.0970279,459000,620
-1.87626,-0.322062,0.330434,0.273427,0.0947461,460000,625
-1.7201,-0.266719,0.280659,0.260908,0.0848904,461000,627
-1.86082,-0.314587,0.35923,0.274706,0.0985498,462000,629
-2.35406,-0.193247,0.940313,0.296787,0.145601,463000,631
-2.24484,-0.318403,0.788098,0.222367,0.0978377,464000,633
-2.0249,-0.185397,0.824091,0.212736,0.111807,465000,634
-1.86221,-0.511038,0.718803,0.259324,0.138906,466000,636
-1.72238,-0.166996,0.252582,0.277304,0.117728,467000,638
-1.62931,-0.519204,0.293085,0.199808,0.128202,468000,639
-1.51899,-0.191171,0.424895,0.205156,0.13919,469000,640
-2.03745,-0.142844,0.693802,0.21804,0.144329,470000,641
-2.24089,-0.463245,0.664214,0.178105,0.116255,471000,643
-1.89382,-0.295801,0.523547,0.257171,0.0988295,472000,644
-1.85162,-0.421679,0.399426,0.234344,0.113994,473000,645
-2.20283,-0.099502,0.542971,0.230901,0.115527,474000,646
-1.85207,-0.159259,0.529701,0.197071,0.186393,475000,647
-2.04744,-0.254103,0.687774,0.24638,0.10246,476000,649
-2.52905,-0.144071,0.865643,0.222084,0.0729136,477000,650
-1.97611,-0.383228,0.607105,0.271967,0.147976,478000,651
-1.63976,-0.205256,0.328312,0.196704,0.141311,479000,652
-2.57979,-0.343156,0.938912,0.245403,0.106442,480000,658
-1.89736,-0.544395,0.641942,0.20766,0.15391,481000,659
-2.1692,-0.220694,0.783284,0.268662,0.141504,482000,660
-1.96569,-0.410705,0.609237,0.22997,0.11508,483000,662
-2.01361,-0.461829,0.638377,0.228822,0.121964,484000,663
-2.07256,-0.220303,0.561857,0.346685,0.11437,485000,664
-2.27918,-0.389275,0.494118,0.18083,0.151882,486000,665
-1.4927,-0.333972,0.284855,0.247495,0.111972,487000,667
-1.53581,-0.239138,0.240882,0.272123,0.146947,488000,668
-1.91298,-0.399415,0.611762,0.216293,0.191246,489000,669
-1.72497,-0.193025,0.33053,0.239382,0.135532,490000,670
-1.37954,-0.697058,0.397176,0.252276,0.157543,491000,671
-1.67455,-0.299739,0.48694,0.227188,0.165422,492000,672
-1.35209,-0.286651,0.174327,0.178506,0.129695,493000,674
-2.17754,-0.60588,0.896167,0.229342,0.129064,494000,675
-2.35537,-0.95906,0.947152,0.265264,0.141146,495000,676
-1.84614,-0.259239,0.340703,0.186243,0.121148,496000,677
-1.91655,-0.292717,0.553321,0.221801,0.156673,497000,678
-1.82317,-0.170826,0.977797,0.213556,0.147171,498000,680
-2.17353,-0.650701,0.79577,0.299635,0.138206,499000,681
-2.20473,-0.654479,0.817749,0.223636,0.161207,500000,690
-1.71793,-0.170871,0.38432,0.170198,0.114895,501000,692
-2.59728,-0.854286,0.875176,0.17293,0.092294,502000,693
-2.17407,-0.31404,0.586083,0.186033,0.132164,503000,695
-2.06615,-0.294145,0.8673,0.212143,0.12645,504000,696
-1.93266,-0.158052,0.653017,0.224003,0.156628,505000,698
-1.47126,-0.248967,0.429828,0.230174,0.12057,506000,699
-1.89493,-0.151895,0.436185,0.253517,0.128833,507000,701
-2.10026,-0.122479,0.548237,0.251278,0.125544,508000,702
-1.94816,-0.463367,0.915373,0.280245,0.165639,509000,704
-2.25546,-0.330032,0.846452,0.253562,0.20098,510000,705
-2.02022,-0.265546,0.980389,0.213785,0.157216,511000,707
-1.874,-0.161782,0.695794,0.245174,0.129666,512000,708
-2.09473,-0.111871,0.530996,0.194268,0.135954,513000,710
-2.19367,-0.136575,0.488667,0.250015,0.119111,514000,711
-1.89056,-0.461824,0.45825,0.237833,0.13557,515000,713
-2.37817,-0.464574,0.756449,0.226427,0.13107,516000,714
-1.83795,-0.378296,0.373051,0.25765,0.146842,517000,715
-2.09532,-0.332395,0.625815,0.280869,0.134246,518000,716
-1.82446,-0.361322,0.404255,0.293934,0.115048,519000,717
-2.29283,-0.2253,0.934818,0.325244,0.127651,520000,723
-1.84299,-0.206288,0.361517,0.26818,0.13756,521000,725
-2.1805,-0.114695,0.993151,0.25698,0.123682,522000,726
-1.77803,-0.313998,0.353084,0.194532,0.177425,523000,728
-1.78687,-0.114437,0.716296,0.263205,0.15924,524000,729
-1.62017,-0.266535,0.453901,0.223194,0.18428,525000,731
-1.45586,-0.464379,0.211684,0.199819,0.16751,526000,733
-1.97248,-0.111821,0.790282,0.180494,0.141632,527000,734
-1.99356,-0.17818,0.4017,0.271891,0.130839,528000,736
-2.22225,-0.315904,0.906315,0.228834,0.159466,529000,738
-1.80121,-0.379123,0.444328,0.28104,0.0945325,530000,740
-1.90623,-0.169099,0.305428,0.295472,0.134306,531000,742
-2.11148,-0.174943,0.371886,0.234877,0.163293,532000,744
-1.93823,-0.868131,0.659215,0.183612,0.0973152,533000,745
-1.85092,-0.470466,0.265687,0.19011,0.114113,534000,747
-1.52269,-0.632069,0.240192,0.191493,0.115006,535000,749
-2.15298,-0.252881,0.690639,0.247765,0.0873758,536000,751
-2.01842,-0.931892,0.889885,0.167577,0.11196,537000,752
-2.29982,-0.830092,0.67087,0.169485,0.108617,538000,754
-1.89,-0.565384,0.350616,0.22482,0.106744,539000,755
-2.44984,-0.413608,0.682595,0.198341,0.11244,540000,758
-1.79527,-0.763985,0.285001,0.19423,0.118087,541000,759
-1.71919,-0.845247,0.683126,0.251489,0.175774,542000,761
-1.62188,-0.701152,0.847144,0.208989,0.163303,543000,762
-1.69209,-0.484172,0.498231,0.218284,0.125579,544000,763
-1.54138,-1.00648,0.276074,0.162698,0.112632,545000,764
-1.32811,-0.804544,0.238898,0.213114,0.111777,546000,766
-1.9519,-0.621372,0.625603,0.18627,0.109167,547000,767
-1.73546,-0.459276,0.144762,0.211957,0.110697,548000,768
-1.72895,-0.534853,0.618346,0.184104,0.146743,549000,769
-1.82735,-0.498072,0.469448,0.185653,0.10717,550000,771
-1.90286,-0.560786,0.612068,0.232747,0.129438,551000,772
-2.11906,-0.558351,0.801869,0.21942,0.181921,552000,773
-2.12927,-0.906934,0.495602,0.176945,0.118468,553000,774
-2.60038,-0.302227,0.875093,0.154616,0.107733,554000,776
-1.80117,-0.394096,0.818075,0.268788,0.119797,555000,777
-1.83834,-0.471787,0.89577,0.132368,0.143478,556000,778
-1.82865,-0.377525,0.579579,0.182601,0.145888,557000,779
-1.67512,-0.426945,0.478288,0.176876,0.169306,558000,781
-1.74855,-0.870692,0.536266,0.203012,0.133461,559000,782
-1.3653,-0.82161,0.519842,0.215928,0.151402,560000,793
-1.65553,-0.439654,0.378362,0.167095,0.108238,561000,795
-1.24433,-1.21115,0.48239,0.156041,0.121496,562000,797
-2.14012,-0.312221,0.842785,0.204765,0.15129,563000,799
-1.27964,-0.782058,0.202554,0.182751,0.118908,564000,801
-1.32235,-0.937348,0.515942,0.231275,0.141078,565000,803
-1.30712,-0.626523,0.188623,0.196183,0.173534,566000,805
-1.64267,-1.02932,0.767265,0.163495,0.150223,567000,807
-1.25132,-0.874351,0.652289,0.177999,0.13587,568000,808
-1.84546,-0.930872,0.584242,0.180586,0.133441,569000,810
-1.66626,-0.949991,0.414363,0.250366,0.202355,570000,812
-2.15163,-0.901745,0.454863,0.234856,0.18336,571000,814
-1.65306,-0.825401,0.430541,0.191681,0.174297,572000,816
-2.1104,-1.56043,0.661335,0.211856,0.171978,573000,818
-2.23455,-1.94935,0.657811,0.226278,0.128458,574000,819
-1.40024,-1.03492,0.348906,0.178942,0.133205,575000,821
-1.67799,-1.40936,0.67457,0.200591,0.197999,576000,822
-2.23053,-1.55579,0.88205,0.1505,0.142117,577000,824
-2.36393,-0.620435,0.927163,0.201501,0.122737,578000,825
-1.6357,-0.748993,0.522324,0.142377,0.122225,579000,827
-1.8598,-1.03228,0.656352,0.219827,0.137586,580000,829
-1.58521,-1.29913,0.611403,0.189318,0.170922,581000,830
-1.93247,-1.42788,0.50887,0.2072,0.140326,582000,832
-2.32476,-0.8685,0.800517,0.187228,0.148984,583000,834
-1.85342,-1.50218,0.631563,0.191932,0.153239,584000,836
-2.19739,-0.783584,0.77489,0.137203,0.169086,585000,838
-1.93223,-0.681933,0.59116,0.133804,0.115082,586000,840
-1.75111,-0.730972,0.457619,0.140639,0.141675,587000,843
-1.87684,-1.01279,0.806495,0.196194,0.145864,588000,845
-1.37238,-0.845216,0.313238,0.221165,0.114003,589000,847
-1.40889,-1.36947,0.307589,0.161775,0.151492,590000,849
-2.06118,-1.95334,0.643271,0.154558,0.171481,591000,850
-1.74392,-0.795176,0.392338,0.198088,0.139245,592000,852
-2.55896,-0.562316,0.820979,0.194722,0.178727,593000,854
-2.43145,-0.965798,0.738472,0.176881,0.106718,594000,856
-1.5299,-0.515982,0.420033,0.172646,0.127459,595000,857
-1.49955,-0.434092,0.377505,0.132698,0.190911,596000,859
-1.59861,-0.854378,0.468185,0.165264,0.154559,597000,860
-1.56134,-0.623948,0.419951,0.141445,0.157333,598000,861
-1.80736,-1.62138,0.816785,0.219762,0.153263,599000,862
-1.75148,-0.926822,0.360674,0.225097,0.152866,600000,863
-1.66877,-0.887981,0.27514,0.157436,0.124773,601000,865
-1.86676,-1.66159,0.840709,0.169857,0.156318,602000,867
-2.46149,-1.38948,0.850861,0.165446,0.159523,603000,869
-1.52637,-1.65099,0.471724,0.164488,0.143856,604000,871
-2.18505,-2.59961,0.8443,0.14811,0.166877,605000,873
-1.78648,-0.745135,0.40861,0.108728,0.150167,606000,875
-1.41927,-1.33165,0.508071,0.135495,0.184667,607000,877
-1.38466,-0.679039,0.501993,0.202061,0.171172,608000,879
-1.41676,-1.07402,0.795465,0.184275,0.158075,609000,881
-1.78494,-0.450407,0.751143,0.141706,0.215882,610000,883
-1.53562,-2.27522,0.51684,0.184599,0.20797,611000,885
-1.48153,-0.647675,0.270678,0.156288,0.181669,612000,886
-1.51055,-0.989526,0.775872,0.155824,0.153741,613000,888
-1.55139,-1.43538,0.805813,0.135894,0.17494,614000,890
-1.20323,-0.744665,0.262594,0.159989,0.177752,615000,892
-1.68685,-0.623473,0.829909,0.21137,0.13088,616000,894
-1.81607,-0.55683,0.501057,0.147273,0.18993,617000,895
-1.55762,-0.627458,0.342149,0.110574,0.145565,618000,897
-1.64131,-1.10452,0.563798,0.160365,0.145591,619000,898
-1.43247,-1.27427,0.597811,0.117746,0.13673,620000,899
-1.72478,-2.12675,0.3892,0.139069,0.139296,621000,901
-1.5557,-2.34792,0.366967,0.127934,0.177209,622000,903
-1.4449,-0.454779,0.499562,0.13877,0.161394,623000,905
-1.67105,-1.25888,0.665407,0.140641,0.203203,624000,907
-1.84619,-2.31068,0.613789,0.123389,0.150017,625000,909
-1.73328,-1.1157,0.601013,0.162359,0.156931,626000,911
-1.20621,-0.923031,0.340512,0.0851155,0.182878,627000,913
-1.58386,-1.69507,0.828926,0.161623,0.163481,628000,915
-1.38832,-1.70032,0.508056,0.143675,0.156654,629000,917
-1.26218,-0.982156,0.64254,0.130122,0.158035,630000,919
-1.99712,-2.28987,0.500893,0.127053,0.182805,631000,921
-1.09592,-1.15044,0.502254,0.159815,0.155955,632000,923
-1.47419,-1.70135,0.580634,0.142228,0.162185,633000,925
-1.23111,-1.5778,0.337052,0.136181,0.197411,634000,927
-1.98719,-1.07642,0.529315,0.144438,0.210324,635000,928
-1.31376,-2.67242,0.773551,0.169165,0.17579,636000,930
-1.60331,-0.889038,0.589644,0.135144,0.20908,637000,931
-1.61276,-0.670176,0.554975,0.1323,0.260809,638000,932
-1.14001,-0.313367,0.292527,0.175004,0.161951,639000,933
-1.79576,-2.85173,0.845524,0.131472,0.163449,640000,935
-1.47744,-1.38189,0.388861,0.137931,0.207264,641000,937
-1.81433,-0.532975,0.606267,0.213052,0.170249,642000,939
-1.90109,-1.98026,0.711711,0.153156,0.171462,643000,941
-2.00086,-0.751882,0.606235,0.175732,0.125232,644000,943
-1.797,-0.241179,0.699535,0.137522,0.130305,645000,945
-1.51899,-2.22353,0.6141,0.146631,0.227414,646000,947
-1.83477,-1.41395,0.684538,0.217663,0.118595,647000,949
-1.77231,-1.5096,0.249491,0.148022,0.225315,648000,951
-1.80624,-0.556441,0.509453,0.114183,0.172545,649000,953
-1.78688,-1.15208,0.238496,0.172174,0.14869,650000,955
-1.49031,-1.30147,0.571525,0.149119,0.218065,651000,957
-2.1752,-1.07758,0.501453,0.115421,0.150571,652000,959
-2.21309,-0.558475,0.78478,0.121958,0.12638,653000,961
-1.84821,-0.366618,0.370562,0.149475,0.120511,654000,962
-1.8423,-0.65542,0.732044,0.194646,0.172755,655000,964
-1.6969,-0.718171,0.618254,0.17318,0.133338,656000,966
-1.73225,-0.459488,0.623069,0.150777,0.118257,657000,967
-1.41308,-0.284835,0.300809,0.206546,0.169536,658000,969
-1.8062,-0.0951781,0.609955,0.156675,0.162221,659000,970
-1.96458,-0.323385,0.544098,0.191942,0.171386,660000,971
-1.60441,-0.294628,0.423802,0.173242,0.158633,661000,973
-1.40845,-0.417608,0.591916,0.159081,0.126783,662000,975
-1.74778,-0.543675,0.974289,0.172694,0.130548,663000,977
-1.62235,-0.405847,0.43266,0.172725,0.125052,664000,979
-1.85936,-0.370105,0.967181,0.140359,0.166455,665000,981
-1.81078,-0.847211,0.449435,0.153463,0.120645,666000,983
-1.97057,-0.235522,0.758767,0.213826,0.182345,667000,985
-1.53482,-0.455846,0.38263,0.184845,0.151274,668000,986
-1.9952,-0.137251,0.794876,0.161414,0.223074,669000,988
-1.23446,-1.41756,0.432136,0.190447,0.254559,670000,990
-1.52988,-0.417551,0.63389,0.152217,0.197244,671000,991
-1.16408,-1.02359,0.104266,0.126229,0.221052,672000,993
-1.53242,-0.557144,0.430311,0.15104,0.223693,673000,994
-1.87362,-1.33724,0.748264,0.0903033,0.183554,674000,996
-1.92161,-0.609559,0.596719,0.128127,0.151879,675000,998
-1.48854,-1.78667,0.188836,0.179135,0.119905,676000,1000
-1.5726,-0.461602,0.529288,0.154503,0.127595,677000,1002
-1.92701,-1.59171,0.927039,0.173186,0.137308,678000,1004
-1.48956,-1.63679,0.359473,0.186909,0.128639,679000,1005
-1.51218,-0.816648,0.318519,0.137761,0.138448,680000,1007
-1.8421,-0.478194,0.622522,0.160906,0.155016,681000,1008
-1.89665,-0.426192,0.506697,0.134991,0.154799,682000,1009
-1.90582,-0.864154,0.644711,0.185013,0.16892,683000,1011
-1.60916,-1.01126,0.373356,0.178297,0.100592,684000,1013
-1.41019,-0.480586,0.402083,0.187615,0.181384,685000,1014
-1.72235,-1.21273,0.235744,0.188971,0.130755,686000,1015
-1.812,-2.1721,0.756056,0.189236,0.171883,687000,1017
-1.88153,-1.13144,0.471354,0.176945,0.160929,688000,1019
-1.67898,-0.306659,0.259882,0.131878,0.120385,689000,1021
-1.5725,-1.45351,0.567588,0.184787,0.135434,690000,1023
-1.63228,-0.608103,0.635399,0.190491,0.135149,691000,1025
-1.53264,-1.10958,0.502248,0.173631,0.171679,692000,1027
-1.22699,-2.53401,0.281932,0.176842,0.150548,693000,1029
-1.42138,-1.45066,0.350157,0.163588,0.131237,694000,1031
-2.32007,-1.05125,0.887419,0.170401,0.116373,695000,1033
-2.2002,-1.17247,0.69792,0.140217,0.130473,696000,1035
-2.04912,-1.12783,0.790775,0.190169,0.117804,697000,1037
-1.75898,-0.685926,0.489358,0.169908,0.135474,698000,1038
-1.74584,-1.32275,0.885793,0.153766,0.14708,699000,1040
-1.79281,-0.968982,0.49241,0.183833,0.142222,700000,1043
-1.61032,-1.45231,0.336557,0.184425,0.175884,701000,1045
-2.15361,-0.534927,0.622277,0.120183,0.114749,702000,1046
-1.85264,-1.52259,0.386005,0.14477,0.152288,703000,1047
-1.72504,-0.809844,0.629901,0.167018,0.155978,704000,1050
-1.4863,-0.727062,0.438193,0.126436,0.107528,705000,1052
-1.86513,-0.628899,0.390139,0.113877,0.158138,706000,1054
-1.76442,-2.19775,0.567333,0.188674,0.126111,707000,1056
-1.97772,-1.69861,0.513785,0.1591,0.203906,708000,1058
-2.49073,-0.939839,0.57169,0.18478,0.113127,709000,1060
-1.77359,-0.707711,0.474364,0.188238,0.141041,710000,1062
-1.52211,-1.54992,0.247294,0.192172,0.120071,711000,1064
-1.38063,-1.31015,0.288465,0.18729,0.170421,712000,1065
-1.99125,-0.623777,0.668207,0.169879,0.105655,713000,1067
-2.04566,-1.43968,0.47045,0.19133,0.109257,714000,1068
-1.83538,-0.998463,0.546012,0.191207,0.132519,715000,1070
-2.13423,-1.82003,0.857008,0.206423,0.124541,716000,1072
-2.24755,-0.701618,0.759814,0.149272,0.167457,717000,1073
-1.89469,-0.735434,0.71914,0.200065,0.123955,718000,1076
-1.78413,-0.792374,0.880122,0.212361,0.117764,719000,1078
-1.69082,-0.547125,0.661901,0.212154,0.135269,720000,1080
-1.80845,-0.839538,0.796441,0.182536,0.171156,721000,1081
-1.72929,-0.802052,0.36028,0.146815,0.211346,722000,1082
-1.84157,-0.905655,0.594849,0.168513,0.125385,723000,1084
-1.84633,-0.675521,0.341845,0.164316,0.105252,724000,1085
-1.78147,-0.79608,0.471243,0.219929,0.117424,725000,1086
-2.0851,-0.363883,0.762822,0.155664,0.109442,726000,1088
-2.10966,-1.48317,0.79373,0.195085,0.122853,727000,1089
-2.01338,-0.575706,0.367644,0.21199,0.0758925,728000,1091
-1.91869,-0.732149,0.945759,0.220496,0.141036,729000,1092
-1.56366,-0.65947,0.54038,0.177083,0.140974,730000,1093
-2.03175,-0.337297,0.388447,0.166743,0.146196,731000,1095
-1.66385,-1.0557,0.444289,0.153566,0.134414,732000,1096
-1.52975,-0.438188,0.37942,0.249392,0.153202,733000,1098
-1.23691,-0.809007,0.471296,0.204003,0.23877,734000,1100
-1.68799,-0.857156,0.833828,0.219961,0.127549,735000,1102
-1.49958,-0.753213,0.747668,0.12361,0.21282,736000,1103
-1.52183,-0.860468,0.367363,0.159245,0.121255,737000,1105
-1.63004,-0.734325,0.419299,0.210887,0.11194,738000,1106
-1.97015,-0.583438,0.636561,0.195585,0.105872,739000,1107
-1.9158,-1.27628,0.352116,0.181813,0.136076,740000,1116
-1.84849,-0.714974,0.876048,0.135907,0.161145,741000,1118
-1.81289,-0.319853,0.587971,0.203852,0.150315,742000,1120
-1.89851,-0.405249,0.516166,0.171596,0.131937,743000,1122
-1.53761,-0.338489,0.458891,0.235798,0.166819,744000,1124
-1.63122,-0.223526,0.538327,0.248834,0.109741,745000,1126
-1.92141,-1.25037,0.651669,0.165672,0.107753,746000,1128
-1.45936,-0.555865,0.231657,0.194683,0.129877,747000,1130
-1.72736,-0.592027,0.572361,0.155621,0.137235,748000,1132
-2.11873,-0.416401,0.511079,0.178912,0.105848,749000,1134
-1.73744,-0.861968,0.531317,0.264534,0.150604,750000,1136
-1.6394,-1.03384,0.492828,0.18309,0.148171,751000,1138
-1.83227,-1.4719,0.275912,0.207466,0.157175,752000,1140
-1.96025,-0.851205,0.599726,0.127572,0.130287,753000,1142
-1.70219,-1.03448,0.369375,0.16115,0.113667,754000,1144
-1.98401,-1.08999,0.402737,0.167739,0.130891,755000,1146
-1.74578,-0.75382,0.388534,0.160777,0.138308,756000,1148
-1.87349,-0.775327,0.525813,0.179817,0.130554,757000,1149
-2.06747,-0.500557,0.766621,0.147921,0.141659,758000,1151
-1.94862,-0.553434,0.911348,0.14523,0.141298,759000,1153
-1.48355,-0.886887,0.496303,0.161136,0.162278,760000,1154
-1.85556,-1.08382,0.624199,0.140453,0.141566,761000,1156
-1.9951,-0.736128,0.654937,0.168784,0.135658,762000,1158
-1.73705,-1.1138,0.452027,0.155952,0.148404,763000,1160
-1.56754,-0.689813,0.86601,0.192941,0.192682,764000,1162
-1.40458,-0.760806,0.462873,0.17673,0.234355,765000,1164
-1.60131,-0.860353,0.457618,0.155383,0.154704,766000,1165
-1.91979,-0.384116,0.61707,0.192215,0.155604,767000,1167
-1.65186,-0.487911,0.250054,0.151326,0.155119,768000,1169
-1.58544,-0.725899,0.389198,0.151988,0.221326,769000,1171
-1.61819,-0.282211,0.319766,0.144008,0.155724,770000,1172
-1.52693,-0.201226,0.35844,0.139706,0.193718,771000,1174
-1.62389,-0.305967,0.55055,0.159463,0.186336,772000,1176
-1.79673,-0.503834,0.726416,0.188479,0.243043,773000,1178
-1.39595,-1.0905,0.681097,0.192496,0.187286,774000,1180
-1.70329,-0.968832,0.459498,0.133119,0.200558,775000,1182
-1.8574,-0.60962,0.933704,0.164867,0.213844,776000,1183
-1.78765,-0.799866,0.605426,0.164624,0.181869,777000,1184
-1.52951,-0.610175,0.456551,0.15993,0.166807,778000,1186
-1.31169,-1.17121,0.250797,0.174378,0.158279,779000,1187
-1.32487,-1.40617,0.297431,0.213598,0.142325,780000,1189
-1.8087,-1.16945,0.321136,0.138549,0.208888,781000,1191
-1.53879,-1.21144,0.644944,0.220796,0.196863,782000,1193
-1.3739,-0.891875,0.914419,0.147001,0.2258,783000,1194
-1.66248,-0.475113,0.836327,0.203746,0.190969,784000,1196
-1.55106,-0.886192,0.281337,0.197234,0.160372,785000,1198
-1.85671,-1.41966,0.371182,0.153534,0.18903,786000,1200
-1.50392,-2.41765,0.424029,0.155543,0.137343,787000,1202
-1.20156,-1.11352,0.331218,0.151699,0.184801,788000,1204
-1.6643,-2.02407,0.834659,0.162619,0.170946,789000,1206
-1.76328,-0.784871,0.683099,0.167778,0.182938,790000,1208
-1.67081,-1.03965,0.674055,0.178494,0.180351,791000,1210
-1.43769,-0.477333,0.435945,0.173039,0.115133,792000,1212
-1.55104,-1.26279,0.258838,0.157299,0.159974,793000,1214
-2.12289,-2.45292,0.531771,0.166571,0.110331,794000,1216
-2.06693,-0.920584,0.507144,0.177481,0.146038,795000,1217
-1.78619,-0.576131,0.559808,0.147123,0.133616,796000,1219
-1.71853,-0.642245,0.147206,0.193388,0.111715,797000,1220
-1.41101,-1.96285,0.331559,0.153673,0.168781,798000,1222
-1.75453,-1.36187,0.263889,0.133094,0.154638,799000,1223
-1.66463,-1.20549,0.487628,0.158698,0.147981,800000,1225
-2.51728,-2.87455,0.784644,0.139698,0.153793,801000,1227
-1.69777,-1.11082,0.488071,0.213398,0.121488,802000,1229
-1.88786,-1.90579,0.847499,0.194295,0.193629,803000,1231
-1.84278,-0.285332,0.899672,0.193497,0.147875,804000,1233
-2.20133,-1.87772,0.565585,0.184797,0.109146,805000,1235
-1.77519,-1.14419,0.295085,0.18458,0.143963,806000,1237
-2.38603,-0.383699,0.260544,0.154474,0.0758847,807000,1239
-2.03052,-0.989109,0.584275,0.190048,0.110285,808000,1241
-1.76577,-1.50477,0.46244,0.16973,0.131629,809000,1243
-1.55151,-0.762675,0.667893,0.150241,0.116137,810000,1245
-1.76227,-0.428901,0.358737,0.262042,0.177709,811000,1247
-1.97738,-0.784162,0.46776,0.1976,0.149935,812000,1249
-1.89789,-2.34327,0.531732,0.153053,0.144409,813000,1251
-1.63668,-1.76231,0.562937,0.221011,0.185799,814000,1252
-1.48096,-0.950953,0.525431,0.222884,0.10015,815000,1254
-1.9958,-0.476822,0.478003,0.188295,0.158368,816000,1255
-1.89244,-0.577364,0.324287,0.168347,0.109377,817000,1257
-2.05356,-0.317594,0.748316,0.225402,0.122427,818000,1258
-2.10208,-0.283613,0.598808,0.182707,0.102518,819000,1260
-1.69103,-0.849364,0.241535,0.188649,0.104799,820000,1261
-1.70874,-0.453313,0.687925,0.142133,0.199477,821000,1263
-1.81401,-0.272188,0.451226,0.22268,0.116309,822000,1265
-1.95239,-0.402231,0.56078,0.195707,0.16063,823000,1267
-1.74714,-0.368071,0.721962,0.190853,0.155309,824000,1269
-1.81225,-0.35369,0.392016,0.134206,0.157829,825000,1270
-1.4954,-0.505425,0.62094,0.177863,0.231527,826000,1272
-2.02355,-0.266921,0.460098,0.177417,0.172925,827000,1274
-1.93625,-0.381024,0.409499,0.142875,0.123285,828000,1276
-1.64164,-0.733027,0.709184,0.152731,0.157673,829000,1277
-1.74447,-0.266524,0.189287,0.140848,0.202687,830000,1279
-2.02188,-0.375566,0.688177,0.190366,0.162326,831000,1281
-1.60349,-0.478311,0.354065,0.13902,0.166282,832000,1283
-1.96033,-0.724668,0.654513,0.186223,0.174736,833000,1285
-1.95281,-0.33542,0.588808,0.167867,0.118555,834000,1287
-2.07495,-0.568123,0.583771,0.116862,0.137144,835000,1289
-2.23398,-0.553594,0.638645,0.175343,0.103096,836000,1290
-2.0056,-0.890686,0.768878,0.193168,0.112125,837000,1292
-1.61884,-0.701596,0.287596,0.117971,0.11003,838000,1293
-1.64316,-0.300493,0.416533,0.203765,0.119061,839000,1295
-1.99247,-0.520014,0.674208,0.144194,0.16734,840000,1297
-1.98067,-0.270077,0.133624,0.159764,0.123257,841000,1298
-2.21851,-0.252719,0.538962,0.182512,0.107344,842000,1300
-2.16718,-0.384552,0.961753,0.210543,0.128574,843000,1302
-1.67552,-0.397045,0.534249,0.163967,0.169866,844000,1303
-1.68597,-0.855506,0.320722,0.193542,0.124779,845000,1305
-2.07594,-0.602133,0.706286,0.135826,0.123682,846000,1307
-1.76455,-0.231067,0.520205,0.164355,0.157071,847000,1308
-1.60922,-0.41045,0.302993,0.137444,0.156703,848000,1309
-1.58776,-0.538354,0.268183,0.176141,0.189975,849000,1311
-2.00665,-0.299716,0.645977,0.168408,0.139642,850000,1312
-1.92743,-0.624847,0.884426,0.241336,0.114498,851000,1314
-1.83789,-0.395237,0.261532,0.182801,0.114873,852000,1315
-2.11125,-1.13045,0.263557,0.212254,0.118498,853000,1317
-2.39748,-1.01166,0.82747,0.137543,0.0845944,854000,1319
-1.983,-0.778148,0.643576,0.185792,0.100715,855000,1321
-1.85786,-1.05186,0.680394,0.167225,0.110776,856000,1323
-1.87354,-2.19125,0.662018,0.180254,0.154931,857000,1325
-2.26666,-0.396773,0.598481,0.177633,0.112525,858000,1327
-1.93202,-0.400249,0.809274,0.158738,0.109968,859000,1329
-2.20088,-0.793116,0.561393,0.147832,0.117758,860000,1330
-1.94151,-0.355831,0.609106,0.174504,0.12902,861000,1332
-2.20474,-1.89395,0.774848,0.181402,0.120313,862000,1335
-1.89906,-0.490376,0.404999,0.144498,0.109071,863000,1337
-1.94037,-0.592751,0.523998,0.170884,0.134395,864000,1339
-1.96729,-0.330781,0.640482,0.174415,0.147363,865000,1341
-1.97176,-0.617583,0.893139,0.159456,0.113816,866000,1343
-1.83172,-0.726108,0.447105,0.186616,0.1246,867000,1344
-1.74743,-0.729949,0.510084,0.150824,0.122098,868000,1346
-1.39467,-0.629475,0.364236,0.140761,0.182402,869000,1348
-1.99233,-0.190506,0.353739,0.144886,0.170497,870000,1350
-1.17638,-0.853062,0.359032,0.196135,0.111474,871000,1352
-1.69442,-0.591443,0.415761,0.214658,0.147028,872000,1354
-1.91391,-0.935686,0.590865,0.141815,0.132761,873000,1356
-1.86664,-0.293976,0.223495,0.153428,0.161867,874000,1357
-1.62447,-0.752819,0.178054,0.124619,0.146581,875000,1359
-1.89564,-0.402933,0.367731,0.190891,0.0984609,876000,1360
-1.79341,-0.540133,0.421001,0.165229,0.201453,877000,1362
-2.01608,-0.453926,0.400547,0.177257,0.170423,878000,1363
-2.11491,-0.481283,0.565564,0.21477,0.143866,879000,1365
-2.12034,-0.771327,0.776562,0.135737,0.131654,880000,1366
-1.61716,-0.325928,0.373892,0.147648,0.167654,881000,1368
-1.83498,-0.201491,0.845284,0.131182,0.15475,882000,1369
-2.06477,-0.506948,0.688937,0.192412,0.11127,883000,1371
-1.58998,-0.678331,0.454044,0.156872,0.145993,884000,1372
-1.7928,-0.418967,0.511463,0.215981,0.119865,885000,1373
-2.2744,-0.152857,0.493,0.202186,0.0850884,886000,1374
-2.29484,-0.385972,0.586863,0.186028,0.123597,887000,1376
-2.16648,-0.415768,0.597991,0.176567,0.121864,888000,1377
-1.66393,-0.221926,0.524452,0.185239,0.11044,889000,1378
-1.71132,-0.259206,0.386247,0.146121,0.134965,890000,1379
-1.764,-0.363613,0.773375,0.190764,0.121838,891000,1381
-1.68235,-0.44427,0.591529,0.195185,0.150333,892000,1382
-1.62218,-0.744756,0.717368,0.177335,0.129302,893000,1383
-1.96885,-0.387941,0.818707,0.180363,0.117068,894000,1384
-1.32352,-0.420999,0.354333,0.196146,0.17398,895000,1386
-1.89373,-0.838589,0.685332,0.210732,0.145108,896000,1387
-1.78396,-1.0763,0.34585,0.200755,0.145154,897000,1388
-1.98888,-0.850318,0.793915,0.170974,0.0998104,898000,1389
-2.04614,-0.558803,0.633455,0.216267,0.109696,899000,1390
-2.03416,-0.378139,0.936367,0.1915,0.144482,900000,1402
-1.59709,-0.17623,0.716461,0.196037,0.0973929,901000,1403
-1.46521,-0.415075,0.287411,0.176882,0.13335,902000,1404
-1.81722,-0.631103,0.457986,0.209834,0.138364,903000,1405
-1.67557,-0.348716,0.732306,0.157067,0.103912,904000,1407
-1.4493,-0.608188,0.531026,0.189358,0.120371,905000,1408
-1.67372,-0.376455,0.55687,0.176472,0.177613,906000,1409
-2.09836,-0.445352,0.582877,0.177041,0.159454,907000,1410
-2.10488,-0.365021,0.688542,0.22025,0.175036,908000,1412
-1.45505,-0.383654,0.698504,0.147026,0.123821,909000,1413
-1.74532,-0.360757,0.368857,0.14482,0.130876,910000,1414
-1.67586,-0.488194,0.303305,0.14952,0.138979,911000,1415
-1.98758,-0.35536,0.475861,0.166072,0.145553,912000,1416
-1.97944,-0.340711,0.391521,0.172157,0.118482,913000,1418
-2.06104,-0.502181,0.349548,0.19705,0.124001,914000,1419
-1.52419,-0.635304,0.376602,0.213718,0.109438,915000,1420
-1.37565,-0.606225,0.486216,0.168057,0.164581,916000,1422
-1.91811,-0.498258,0.273247,0.193674,0.158478,917000,1424
-1.69732,-0.334391,0.470557,0.221359,0.126775,918000,1426
-1.8804,-0.29263,0.422892,0.180752,0.112996,919000,1428
-1.85117,-0.356108,0.550892,0.194767,0.15846,920000,1435
-1.90357,-0.367272,0.475868,0.153613,0.114774,921000,1437
-1.6387,-0.595066,0.44448,0.170453,0.127369,922000,1439
-1.62734,-0.661126,0.325562,0.128933,0.136469,923000,1441
-2.06764,-0.443034,0.488391,0.210399,0.109982,924000,1442
-1.94813,-0.807288,0.761028,0.273593,0.103299,925000,1444
-1.93692,-0.17402,0.468118,0.222148,0.111704,926000,1446
-2.0568,-0.397425,0.85662,0.192069,0.177829,927000,1448
-1.48784,-0.233287,0.935904,0.149438,0.162837,928000,1450
-1.55274,-0.59815,0.427589,0.229694,0.0891315,929000,1452
-1.85801,-0.457298,0.439842,0.178508,0.11215,930000,1454
-1.93294,-0.225415,0.506478,0.159811,0.143801,931000,1456
-2.0194,-0.37822,0.239458,0.194429,0.128988,932000,1458
-1.73774,-0.251109,0.68603,0.163057,0.145256,933000,1459
-1.70057,-0.363353,0.426285,0.131272,0.176732,934000,1461
-1.71594,-0.349336,0.583984,0.141199,0.184517,935000,1462
-1.76472,-0.324799,0.699949,0.213512,0.145317,936000,1463
-1.5899,-0.700835,0.514576,0.261076,0.139504,937000,1464
-1.82586,-0.249069,0.436434,0.191158,0.163123,938000,1465
-1.59557,-0.448206,0.527348,0.1488,0.208557,939000,1467
-1.58519,-0.495152,0.403767,0.203239,0.161031,940000,1468
-2.2711,-0.106781,0.421317,0.21759,0.151468,941000,1470
-2.02479,-0.246827,0.38168,0.195029,0.137437,942000,1471
-2.33475,-0.466179,0.414525,0.146037,0.100767,943000,1472
-1.62423,-0.427761,0.656337,0.185681,0.165699,944000,1474
-1.76673,-0.349992,0.783905,0.189256,0.17126,945000,1475
-2.17467,-0.953027,0.686263,0.219072,0.0978278,946000,1477
-1.99153,-0.585328,0.665458,0.211466,0.126685,947000,1479
-2.14796,-0.319293,0.50677,0.215475,0.16603,948000,1481
-2.27027,-0.223236,0.881397,0.152102,0.137123,949000,1482
-1.6184,-0.380871,0.605205,0.158455,0.11669,950000,1484
-2.62145,-0.338244,0.934669,0.181981,0.083839,951000,1487
-1.95027,-0.56824,0.814541,0.149575,0.139213,952000,1489
-1.61339,-0.474331,0.733063,0.158971,0.144346,953000,1491
-1.64997,-0.792188,0.298047,0.187857,0.135971,954000,1492
-2.34383,-0.564899,0.72823,0.1781,0.110221,955000,1494
-1.35217,-0.671186,0.218245,0.179744,0.173674,956000,1496
-1.97114,-0.960186,0.868828,0.194577,0.124828,957000,1499
-1.85472,-0.553659,0.442702,0.227159,0.115705,958000,1502
-2.15215,-0.293745,0.297101,0.160384,0.128635,959000,1504
-1.54989,-0.439416,0.333021,0.197222,0.12449,960000,1510
-1.43103,-0.177238,0.2945,0.203535,0.141533,961000,1513
-1.7517,-0.430712,0.403415,0.155839,0.166802,962000,1516
-1.85296,-0.432413,0.852765,0.185681,0.156118,963000,1518
-1.59968,-0.455777,0.535466,0.230255,0.189133,964000,1521
-1.83727,-0.436532,0.310728,0.159306,0.173299,965000,1524
-1.66471,-0.491611,0.323854,0.164706,0.139777,966000,1526
-2.0291,-0.257207,0.424554,0.225299,0.120594,967000,1529
-1.74796,-0.45675,0.4803,0.168033,0.128194,968000,1532
-1.38387,-0.629993,0.275308,0.195852,0.14399,969000,1534
-2.10247,-0.273358,0.674931,0.231648,0.125538,970000,1537
-2.20837,-0.190821,0.764556,0.20354,0.104469,971000,1539
-2.33942,-0.466954,0.720309,0.228225,0.120806,972000,1542
-1.93145,-0.359068,0.550044,0.201953,0.137418,973000,1545
-2.31166,-0.198372,0.819443,0.210369,0.186641,974000,1548
-2.15986,-0.254584,0.422825,0.205538,0.0865351,975000,1550
-2.16066,-0.524786,0.610312,0.21107,0.0904692,976000,1553
-1.9064,-0.201644,0.422876,0.170344,0.111857,977000,1555
-2.47929,-0.193098,0.480734,0.217821,0.080886,978000,1558
-2.09053,-0.340022,0.502456,0.175539,0.0852701,979000,1561
-1.81695,-0.448089,0.519723,0.252781,0.115417,980000,1565
-1.72623,-0.380199,0.249584,0.23949,0.163956,981000,1568
-2.04185,-0.283724,0.757593,0.207518,0.13637,982000,1571
-2.08418,-0.209219,0.695023,0.266411,0.0991865,983000,1573
-2.12838,-0.261439,0.587776,0.235271,0.143105,984000,1576
-2.38473,-0.154066,0.719575,0.227065,0.15927,985000,1579
-2.21901,-0.0971318,0.585472,0.262921,0.149334,986000,1582
-2.21821,-0.174766,0.410123,0.198745,0.132968,987000,1585
-2.25744,-0.265378,0.87636,0.24943,0.117206,988000,1587
-2.05129,-0.184752,0.358599,0.23119,0.113627,989000,1590
-2.17705,-0.230365,0.538336,0.229271,0.0844336,990000,1593
-1.9222,-0.238235,0.595695,0.25243,0.137616,991000,1596
-2.16947,-0.129322,0.899711,0.209513,0.125933,992000,1598
-1.82693,-0.39703,0.546563,0.316611,0.160519,993000,1601
-2.24962,-0.207118,0.969064,0.171687,0.147184,994000,1604
-1.43848,-0.123381,0.335165,0.294464,0.153646,995000,1606
-1.87735,-0.233255,0.458956,0.288487,0.140692,996000,1609
-1.38564,-0.244332,0.483209,0.22027,0.129807,997000,1611
-2.01712,-0.305151,0.659657,0.280117,0.121158,998000,1614
-1.84759,-0.209076,0.556321,0.266808,0.117622,999000,1616
-1.88727,-0.274471,0.388716,0.28851,0.175334,1000000,1619
-1.76368,-0.288049,0.312717,0.249282,0.119416,1001000,1621
-1.93385,-0.282955,0.58884,0.251563,0.11853,1002000,1623
-2.13641,-0.299938,0.525544,0.213565,0.0809185,1003000,1625
-2.15309,-0.0859038,0.544387,0.221757,0.106832,1004000,1628
-1.99824,-0.11615,0.439231,0.210016,0.101365,1005000,1630
-2.14834,-0.300483,0.890183,0.234557,0.0991942,1006000,1632
-1.68031,-0.339083,0.265652,0.249415,0.173172,1007000,1635
-1.87603,-0.145921,0.554311,0.263623,0.154359,1008000,1637
-2.26,-0.240599,0.733068,0.256852,0.178839,1009000,1639
-2.20783,-0.313537,0.686327,0.236173,0.085175,1010000,1641
-1.70361,-0.264144,0.721898,0.216523,0.101676,1011000,1644
-2.44939,-0.190524,0.903489,0.278959,0.108739,1012000,1646
-2.07134,-0.170467,0.507894,0.327018,0.119413,1013000,1649
-2.27189,-0.212216,0.990611,0.295652,0.125401,1014000,1651
-1.89735,-0.36921,0.651936,0.218595,0.105248,1015000,1653
-2.25244,-0.133608,0.668565,0.204973,0.138003,1016000,1656
-1.9876,-0.111723,0.747413,0.228651,0.177612,1017000,1658
-1.66071,-0.22031,0.606702,0.229181,0.210725,1018000,1660
-1.72505,-0.158989,0.497917,0.247657,0.193866,1019000,1663
-1.82555,-0.169591,0.286682,0.322966,0.146322,1020000,1665
-1.79526,-0.361313,0.987879,0.206066,0.200934,1021000,1667
-2.23434,-0.240017,0.699365,0.212208,0.15421,1022000,1669
-2.38773,-0.189375,0.634247,0.267301,0.0977337,1023000,1671
-1.90322,-0.330896,0.439198,0.244796,0.103647,1024000,1672
-2.23421,-0.0777259,0.628267,0.203487,0.147073,1025000,1674
-2.40367,-0.244849,0.71818,0.25531,0.071489,1026000,1675
-2.4157,-0.307214,0.833033,0.261462,0.104348,1027000,1677
-2.54878,-0.192794,0.601793,0.244856,0.108811,1028000,1679
-2.54609,-0.136118,0.776107,0.164034,0.112976,1029000,1680
-1.80535,-0.266838,0.627011,0.290159,0.100255,1030000,1682
-2.11168,-0.300076,0.795572,0.248194,0.117063,1031000,1683
-2.3393,-0.354072,0.951513,0.239242,0.132423,1032000,1685
-1.94272,-0.174813,0.268699,0.198732,0.12631,1033000,1686
-2.0713,-0.240984,0.628886,0.253728,0.106938,1034000,1688
-1.86222,-0.165552,0.358716,0.261708,0.129341,1035000,1689
-1.43849,-0.133773,0.328292,0.272285,0.114516,1036000,1691
-1.80133,-0.123494,0.410251,0.197761,0.16756,1037000,1692
-1.91194,-0.162601,0.543834,0.179081,0.157259,1038000,1694
-2.31832,-0.134514,0.846517,0.193207,0.175336,1039000,1696
-1.51906,-0.180592,0.45784,0.262179,0.219863,1040000,1698
-1.75269,-0.130341,0.562962,0.21443,0.164173,1041000,1700
-1.71986,-0.163879,0.694139,0.216944,0.157886,1042000,1702
-2.63781,-0.1637,0.576211,0.229264,0.111406,1043000,1704
-2.25666,-0.194041,0.631003,0.277623,0.107473,1044000,1706
-1.92186,-0.189066,0.624352,0.278748,0.158406,1045000,1708
-1.84023,-0.139538,0.288964,0.313346,0.117835,1046000,1710
-1.85537,-0.123257,0.444521,0.181225,0.16374,1047000,1713
-1.99694,-0.227134,0.587895,0.217194,0.168915,1048000,1715
-2.07572,-0.223335,0.547779,0.253146,0.185301,1049000,1718
-1.89402,-0.20454,0.351024,0.265486,0.128887,1050000,1720
-2.39144,-0.15388,0.787059,0.242985,0.119257,1051000,1722
-1.96865,-0.0735844,0.449427,0.292208,0.128725,1052000,1724
-1.56925,-0.0887084,0.47711,0.221185,0.120964,1053000,1727
-2.04672,-0.432873,0.766808,0.300727,0.109489,1054000,1729
-1.95285,-0.169387,0.486425,0.251249,0.142314,1055000,1731
-2.05006,-0.416192,0.416101,0.280434,0.10786,1056000,1734
-1.74171,-0.172139,0.679041,0.237563,0.171148,1057000,1736
-2.04577,-0.201309,0.517292,0.24827,0.121465,1058000,1738
-2.10561,-0.121128,0.204364,0.284894,0.0863479,1059000,1741
-2.32782,-0.28654,0.438887,0.252255,0.0693217,1060000,1743
-2.01204,-0.177201,0.550115,0.231639,0.123747,1061000,1746
-2.16241,-0.0945982,0.735138,0.195446,0.119897,1062000,1748
-2.06435,-0.276258,0.428659,0.182738,0.0974214,1063000,1750
-1.98449,-0.20533,0.273568,0.201295,0.115989,1064000,1753
-1.57962,-0.134548,0.212384,0.209515,0.141091,1065000,1755
-1.98751,-0.270554,0.783176,0.254449,0.153237,1066000,1757
-1.66995,-0.360853,0.368876,0.232912,0.122035,1067000,1760
-1.72727,-0.317332,0.440116,0.177555,0.157031,1068000,1762
-1.83026,-0.117253,0.490466,0.203096,0.111187,1069000,1764
-1.95932,-0.145324,0.555763,0.236845,0.182664,1070000,1766
-1.67368,-0.36109,0.215866,0.169045,0.133663,1071000,1768
-2.11064,-0.390303,0.614698,0.152864,0.114303,1072000,1770
-2.05296,-0.239873,0.660905,0.146162,0.117297,1073000,1772
-1.71209,-0.240463,0.54165,0.181174,0.140208,1074000,1774
-2.06287,-0.172177,0.52413,0.194484,0.112014,1075000,1777
-1.75044,-0.333946,0.395256,0.194296,0.153696,1076000,1779
-2.11445,-0.208974,0.501254,0.22197,0.132407,1077000,1781
-2.14909,-0.202335,0.702842,0.238582,0.128741,1078000,1782
-1.67903,-0.492824,0.648416,0.206494,0.0967785,1079000,1784
